[  603.511142] ftrace_hook: module unloaded
[  603.559325] Traversal module is working..
[  603.567091] ftrace_hook: module loaded
[  603.631611] [hooking-pid] pid is 6511
[  607.576103] [hooking-status] target pid match, start hooking
[  607.576106] [hooking] type:input
[  607.576117] [hooking] syscall:Write
[  607.576120] {"fd":1,"buf":[73,78,70,79,58,32,84,101,115,116,105,110,103,32,115,105,110,103,108,101,32,115,121,115,99,97,108,108,58,32,49,10],"count":32}
[  607.576152] [hooking] type:output
[  607.576159] [hooking] syscall:Write
[  607.576161] {"fd":1,"buf":[73,78,70,79,58,32,84,101,115,116,105,110,103,32,115,105,110,103,108,101,32,115,121,115,99,97,108,108,58,32,49,10],"count":32}
[  607.576193] [hooking-status] target pid match, start hooking
[  607.576195] [hooking] type:input
[  607.576206] [hooking] syscall:Write
[  607.576209] {"fd":1,"buf":[45,45,45,45,32,99,97,108,108,105,110,103,32,102,117,122,122,101,114,95,116,121,112,101,115,58,58,99,97,108,108,115,58,58,102,115,58,58,87,114,105,116,101,58,32,123,34,102,100,34,58,51,44,34,98,117,102,34,58,91,50,51,44,54,55,44,49,50,44,49,49,51,44,54,50,44,54,57,44,54,55,44,51,55,44,55,44,54,51,93,44,34,99,111,117,110,116,34,58,49,48,125,10],"count":103}
[  607.576218] [hooking] type:output
[  607.576229] [hooking] syscall:Write
[  607.576231] {"fd":1,"buf":[45,45,45,45,32,99,97,108,108,105,110,103,32,102,117,122,122,101,114,95,116,121,112,101,115,58,58,99,97,108,108,115,58,58,102,115,58,58,87,114,105,116,101,58,32,123,34,102,100,34,58,51,44,34,98,117,102,34,58,91,50,51,44,54,55,44,49,50,44,49,49,51,44,54,50,44,54,57,44,54,55,44,51,55,44,55,44,54,51,93,44,34,99,111,117,110,116,34,58,49,48,125,10],"count":103}
[  607.576236] [hooking-status] target pid match, start hooking
[  607.576238] [hooking] type:input
[  607.576244] [hooking] syscall:Write
[  607.576246] {"fd":3,"buf":[23,67,12,113,62,69,67,37,7,63],"count":10}
[  607.582669] [hooking] type:output
[  607.582683] [hooking] syscall:Write
[  607.582688] {"fd":3,"buf":[23,67,12,113,62,69,67,37,7,63],"count":10}
[  607.582716] [hooking-status] target pid match, start hooking
[  607.582718] [hooking] type:input
[  607.582727] [hooking] syscall:Write
[  607.582730] {"fd":1,"buf":[45,45,45,45,32,114,101,115,117,108,116,32,102,114,111,109,32,102,117,122,122,101,114,95,116,121,112,101,115,58,58,99,97,108,108,115,58,58,102,115,58,58,87,114,105,116,101,32,115,121,115,99,97,108,108,58,32,79,107,40,49,48,41,10],"count":64}
[  607.582761] [hooking] type:output
[  607.582771] [hooking] syscall:Write
[  607.582773] {"fd":1,"buf":[45,45,45,45,32,114,101,115,117,108,116,32,102,114,111,109,32,102,117,122,122,101,114,95,116,121,112,101,115,58,58,99,97,108,108,115,58,58,102,115,58,58,87,114,105,116,101,32,115,121,115,99,97,108,108,58,32,79,107,40,49,48,41,10],"count":64}
[  607.582788] [hooking-status] target pid match, start hooking
[  607.582790] [hooking] type:input
[  607.582800] [hooking] syscall:Write
[  607.582804] {"fd":1,"buf":[45,45,45,45,32,97,102,116,101,114,32,102,117,122,122,101,114,95,116,121,112,101,115,58,58,99,97,108,108,115,58,58,102,115,58,58,87,114,105,116,101,58,32,123,34,102,100,34,58,51,44,34,98,117,102,34,58,91,50,51,44,54,55,44,49,50,44,49,49,51,44,54,50,44,54,57,44,54,55,44,51,55,44,55,44,54,51,93,44,34,99,111,117,110,116,34,58,49,48,125,10],"count":101}
[  607.582809] [hooking] type:output
[  607.582819] [hooking] syscall:Write
[  607.582822] {"fd":1,"buf":[45,45,45,45,32,97,102,116,101,114,32,102,117,122,122,101,114,95,116,121,112,101,115,58,58,99,97,108,108,115,58,58,102,115,58,58,87,114,105,116,101,58,32,123,34,102,100,34,58,51,44,34,98,117,102,34,58,91,50,51,44,54,55,44,49,50,44,49,49,51,44,54,50,44,54,57,44,54,55,44,51,55,44,55,44,54,51,93,44,34,99,111,117,110,116,34,58,49,48,125,10],"count":101}